Report for test-multi: 
global confusion matrix: 
[[  87.5     0.      0.      0.      0.      0.      0.      0.     12.5
     0.  ]
 [   0.    100.      0.      0.      0.      0.      0.      0.      0.
     0.  ]
 [   0.      0.    100.      0.      0.      0.      0.      0.      0.
     0.  ]
 [   0.      0.      0.     92.31    0.      0.      0.      0.      0.
     7.69]
 [   0.      0.      0.      0.     70.62    0.     29.42    0.      0.
     0.  ]
 [   0.      6.25    0.      0.      0.     93.75    0.      0.      0.
     0.  ]
 [   0.      0.      0.      0.     10.     10.     80.      0.      0.
     0.  ]
 [   0.      0.      0.      0.      0.      0.      0.    100.      0.
     0.  ]
 [   0.      0.      0.      0.      0.      0.      0.      0.    100.
     0.  ]
 [   0.      7.69    0.      7.69    0.      0.      7.69    0.      7.69
    69.25]]
 
all sequences: 
****************for the digit0: 
[[  37.5    37.5     0.      0.      0.     25.      0.      0.      0.
     0.  ]
 [  12.5    37.5     0.      0.     12.5     0.      0.      0.     37.5
     0.  ]
 [  31.25    6.25    0.      0.      0.     12.5    18.75    0.     25.
     6.25]
 [  50.      0.      0.      0.      0.      0.     25.      0.     25.
     0.  ]
 [  37.5     0.      0.      0.     20.83    0.      8.33    0.     33.33
     0.  ]
 [  16.67    8.33    0.      0.      0.     12.5    16.67    4.17   25.
    16.67]
 [  54.17    0.      0.      4.17    4.17    0.      8.33    0.     29.17
     0.  ]
 [  76.56    0.      0.      0.      0.      0.     11.72    0.     11.72
     0.  ]
 [  75.      0.      0.      0.      0.      0.     18.75    0.      6.25
     0.  ]
 [  62.5     0.      0.      0.     12.5     0.     12.5     0.     12.5
     0.  ]
 [  71.88    0.      0.      0.      7.81    0.      0.      0.      7.81
    12.5 ]
 [  59.38    0.      0.      0.      0.      0.     21.88    0.      9.38
     9.38]
 [  79.46    0.      0.      0.      0.      0.     12.5     0.      8.04
     0.  ]
 [  87.5     0.      0.      0.      0.      0.     12.5     0.      0.
     0.  ]
 [  37.5     0.      0.      0.     18.75    0.     12.5     0.     18.75
    12.5 ]
 [ 100.      0.      0.      0.      0.      0.      0.      0.      0.
     0.  ]
 [  69.64    0.      0.      0.      5.36    0.     12.5     0.     12.5
     0.  ]
 [  87.5     0.      0.      0.      0.      0.      7.07    0.      5.43
     0.  ]
 [  75.      0.      0.      0.      0.      0.     12.5     0.     12.5
     0.  ]
 [  84.78    0.      0.      0.      0.      0.      7.61    0.      7.61
     0.  ]
 [  87.5     0.      0.      0.      0.      0.     12.5     0.      0.
     0.  ]
 [  12.5     0.      0.      0.     25.      0.     12.5     0.     25.
    25.  ]
 [ 100.      0.      0.      0.      0.      0.      0.      0.      0.
     0.  ]
 [  75.      0.      0.      0.      0.      0.     12.5     0.     12.5
     0.  ]
 [  87.5     0.      0.      0.      0.      0.      0.      0.     12.5
     0.  ]
 [ 100.      0.      0.      0.      0.      0.      0.      0.      0.
     0.  ]]
 
****************for the digit1: 
[[  29.41   47.06    0.      0.      0.     23.53    0.      0.      0.
     0.  ]
 [   0.     94.12    0.      0.      0.      5.88    0.      0.      0.
     0.  ]
 [   0.     94.12    0.      0.      0.      2.94    2.94    0.      0.
     0.  ]
 [   0.    100.      0.      0.      0.      0.      0.      0.      0.
     0.  ]
 [   0.     98.04    0.      0.      0.      0.      0.      0.      1.96
     0.  ]
 [   0.     31.37    0.     11.76    0.      5.88    3.92    0.      3.92
    43.14]
 [   0.     94.12    0.      0.      1.96    0.      0.      0.      3.92
     0.  ]
 [   0.     94.49    0.      0.      0.      0.      0.      0.      5.51
     0.  ]
 [   0.     97.06    0.      0.      0.      0.      0.      0.      2.94
     0.  ]
 [   0.     94.12    0.      0.      0.      0.      0.      0.      5.88
     0.  ]
 [   0.     96.32    0.      0.      0.      0.      0.      0.      3.68
     0.  ]
 [   0.     98.53    0.      0.      0.      0.      1.47    0.      0.
     0.  ]
 [   0.    100.      0.      0.      0.      0.      0.      0.      0.
     0.  ]
 [   0.     94.12    0.      0.      0.      0.      0.      0.      5.88
     0.  ]
 [   0.     94.12    0.      0.      0.      0.      0.      0.      5.88
     0.  ]
 [   0.    100.      0.      0.      0.      0.      0.      0.      0.
     0.  ]
 [   0.    100.      0.      0.      0.      0.      0.      0.      0.
     0.  ]
 [   0.    100.      0.      0.      0.      0.      0.      0.      0.
     0.  ]
 [   0.    100.      0.      0.      0.      0.      0.      0.      0.
     0.  ]
 [   0.    100.      0.      0.      0.      0.      0.      0.      0.
     0.  ]
 [   0.    100.      0.      0.      0.      0.      0.      0.      0.
     0.  ]
 [   0.     94.12    0.      0.      0.      0.      0.      0.      5.88
     0.  ]
 [   0.    100.      0.      0.      0.      0.      0.      0.      0.
     0.  ]
 [   0.    100.      0.      0.      0.      0.      0.      0.      0.
     0.  ]
 [   0.    100.      0.      0.      0.      0.      0.      0.      0.
     0.  ]
 [   0.    100.      0.      0.      0.      0.      0.      0.      0.
     0.  ]]
 
****************for the digit2: 
[[   0.      0.     33.33    0.      0.      0.      0.     66.67    0.
     0.  ]
 [   0.      5.56   44.44   22.22    0.      0.      0.     22.22    5.56
     0.  ]
 [   0.     22.22   36.11    8.33    0.      2.78    0.     30.56    0.
     0.  ]
 [   0.      0.     83.33    0.      0.      0.      0.     16.67    0.
     0.  ]
 [   0.      0.     88.89    1.85    0.      0.      0.      9.26    0.
     0.  ]
 [   0.      1.85   62.96   11.11    0.      0.      1.85    3.7    18.52
     0.  ]
 [   0.      0.     79.63    3.7     0.      0.      0.     14.81    1.85
     0.  ]
 [   0.      0.     77.78   10.76    0.      0.      0.     11.46    0.
     0.  ]
 [   0.      0.     94.44    2.78    0.      0.      0.      2.78    0.
     0.  ]
 [   0.      0.    100.      0.      0.      0.      0.      0.      0.
     0.  ]
 [   0.      0.     92.36    5.56    0.      0.      0.      2.08    0.
     0.  ]
 [   0.      0.     95.83    4.17    0.      0.      0.      0.      0.
     0.  ]
 [   0.      0.     96.03    1.98    0.      0.      0.      1.98    0.
     0.  ]
 [   0.      0.     88.89    5.56    0.      0.      0.      5.56    0.
     0.  ]
 [   0.      0.     94.44    5.56    0.      0.      0.      0.      0.
     0.  ]
 [   0.      0.    100.      0.      0.      0.      0.      0.      0.
     0.  ]
 [   0.      0.     97.62    2.38    0.      0.      0.      0.      0.
     0.  ]
 [   0.      0.    100.      0.      0.      0.      0.      0.      0.
     0.  ]
 [   0.      0.    100.      0.      0.      0.      0.      0.      0.
     0.  ]
 [   0.      0.    100.      0.      0.      0.      0.      0.      0.
     0.  ]
 [   0.      0.     94.44    0.      0.      0.      0.      5.56    0.
     0.  ]
 [   0.      0.     94.44    5.56    0.      0.      0.      0.      0.
     0.  ]
 [   0.      0.    100.      0.      0.      0.      0.      0.      0.
     0.  ]
 [   0.      0.    100.      0.      0.      0.      0.      0.      0.
     0.  ]
 [   0.      0.    100.      0.      0.      0.      0.      0.      0.
     0.  ]
 [   0.      0.    100.      0.      0.      0.      0.      0.      0.
     0.  ]]
 
****************for the digit3: 
[[  0.    84.62   0.     7.69   0.     0.     0.     7.69   0.     0.  ]
 [  0.     0.     0.    92.31   0.     0.     0.     0.     0.     7.69]
 [  0.    11.54   7.69  61.54   0.     0.     0.     7.69   0.    11.54]
 [  0.     0.     0.    84.62   0.     0.     0.     0.     7.69   7.69]
 [  0.     0.     5.13  84.62   0.     0.     0.     0.     0.    10.26]
 [  0.     0.     0.    84.62   0.     0.     0.     0.     5.13  10.26]
 [  0.     0.     0.    89.74   0.     0.     0.     0.     2.56   7.69]
 [  0.     0.     0.    92.31   0.     0.     0.     0.     0.     7.69]
 [  0.     0.     0.    92.31   0.     0.     0.     0.     3.85   3.85]
 [  0.     0.     0.    92.31   0.     0.     0.     0.     0.     7.69]
 [  0.     0.     0.    92.31   0.     0.     0.     0.     0.     7.69]
 [  0.     0.     0.    92.31   0.     0.     0.     0.     0.     7.69]
 [  0.     0.     0.    92.31   0.     0.     0.     0.     0.     7.69]
 [  0.     0.     0.    92.31   0.     0.     0.     0.     0.     7.69]
 [  0.     0.     0.    92.31   0.     0.     0.     0.     0.     7.69]
 [  0.     0.     0.    92.31   0.     0.     0.     0.     0.     7.69]
 [  0.     0.     0.    92.31   0.     0.     0.     0.     0.     7.69]
 [  0.     0.     0.    92.31   0.     0.     0.     0.     0.     7.69]
 [  0.     0.     0.    92.31   0.     0.     0.     0.     0.     7.69]
 [  0.     0.     0.    92.31   0.     0.     0.     0.     0.     7.69]
 [  0.     0.     0.    92.31   0.     0.     0.     0.     0.     7.69]
 [  0.     0.     0.    92.31   0.     0.     0.     0.     0.     7.69]
 [  0.     0.     0.    92.31   0.     0.     0.     0.     0.     7.69]
 [  0.     0.     0.    92.31   0.     0.     0.     0.     0.     7.69]
 [  0.     0.     0.    92.31   0.     0.     0.     0.     0.     7.69]
 [  0.     0.     0.    92.31   0.     0.     0.     0.     0.     7.69]]
 
****************for the digit4: 
[[  5.88  23.53   5.88   0.     0.    35.29  17.65   0.    11.76   0.  ]
 [  0.     0.     0.     0.    64.71   0.    17.65   0.    17.65   0.  ]
 [  0.     2.94   0.     0.    26.47   0.    26.47   0.    44.12   0.  ]
 [  0.     0.     0.     0.    82.35   0.    11.76   0.     5.88   0.  ]
 [  0.     3.92   0.     0.    74.51   0.    15.69   0.     5.88   0.  ]
 [  0.     0.     0.     0.    52.94   0.    45.1    0.     1.96   0.  ]
 [  0.     1.96   0.     0.    68.63   0.    29.41   0.     0.     0.  ]
 [  0.     0.     0.     0.    65.07   0.    34.93   0.     0.     0.  ]
 [  0.     0.     0.     0.    76.47   0.    20.59   0.     2.94   0.  ]
 [  0.     0.     0.     0.    76.47   0.    23.53   0.     0.     0.  ]
 [  0.     0.     0.     0.    68.38   0.    31.62   0.     0.     0.  ]
 [  0.     0.     0.     0.    79.41   0.    20.59   0.     0.     0.  ]
 [  0.     0.     0.     0.    74.37   0.    25.63   0.     0.     0.  ]
 [  0.     0.     0.     0.    64.71   0.    35.29   0.     0.     0.  ]
 [  0.     0.     0.     0.    67.65   0.    32.35   0.     0.     0.  ]
 [  0.     0.     0.     0.    64.71   0.    35.29   0.     0.     0.  ]
 [  0.     0.     0.     0.    73.11   0.    26.89   0.     0.     0.  ]
 [  0.     0.     0.     0.    79.03   0.    20.97   0.     0.     0.  ]
 [  0.     0.     0.     0.    64.71   0.    35.29   0.     0.     0.  ]
 [  0.     0.     0.     0.    70.59   0.    29.41   0.     0.     0.  ]
 [  0.     0.     0.     0.    70.59   0.    29.41   0.     0.     0.  ]
 [  0.     0.     0.     0.    76.47   0.    23.53   0.     0.     0.  ]
 [  0.     0.     0.     0.    78.99   0.    21.01   0.     0.     0.  ]
 [  0.     0.     0.     0.    70.59   0.    29.41   0.     0.     0.  ]
 [  0.     0.     0.     0.    70.59   0.    29.41   0.     0.     0.  ]
 [  0.     0.     0.     0.    64.71   0.    35.29   0.     0.     0.  ]]
 
****************for the digit5: 
[[   0.      6.25    0.      0.      0.     93.75    0.      0.      0.
     0.  ]
 [   0.     25.      0.      0.      0.     68.75    6.25    0.      0.
     0.  ]
 [   0.     15.62    0.      0.      0.     53.12    0.      0.      0.
    31.25]
 [   0.      6.25    0.      0.      0.     93.75    0.      0.      0.
     0.  ]
 [   0.      0.      0.      0.      0.    100.      0.      0.      0.
     0.  ]
 [   0.      2.08    0.      0.      0.     97.92    0.      0.      0.
     0.  ]
 [   0.      2.08    0.      0.      0.     93.75    0.      0.      4.17
     0.  ]
 [   0.      0.39    0.      0.      0.     93.75    0.      0.      5.86
     0.  ]
 [   0.      3.12    0.      0.      0.     93.75    0.      0.      3.12
     0.  ]
 [   0.      0.      0.      0.      0.     93.75    0.      0.      6.25
     0.  ]
 [   0.      2.34    0.      0.      0.     93.75    0.      0.      3.91
     0.  ]
 [   0.      4.69    0.      0.      0.     93.75    0.      0.      1.56
     0.  ]
 [   0.      6.25    0.      0.      0.     93.75    0.      0.      0.
     0.  ]
 [   0.      6.25    0.      0.      0.     87.5     6.25    0.      0.
     0.  ]
 [   0.      3.12    0.      0.      0.     93.75    0.      0.      3.12
     0.  ]
 [   0.      6.25    0.      0.      0.     93.75    0.      0.      0.
     0.  ]
 [   0.      6.25    0.      0.      0.     93.75    0.      0.      0.
     0.  ]
 [   0.      6.25    0.      0.      0.     93.75    0.      0.      0.
     0.  ]
 [   0.      6.25    0.      0.      0.     93.75    0.      0.      0.
     0.  ]
 [   0.      6.25    0.      0.      0.     93.75    0.      0.      0.
     0.  ]
 [   0.      6.25    0.      0.      0.     93.75    0.      0.      0.
     0.  ]
 [   0.      6.25    0.      0.      0.     93.75    0.      0.      0.
     0.  ]
 [   0.      6.25    0.      0.      0.     93.75    0.      0.      0.
     0.  ]
 [   0.      6.25    0.      0.      0.     93.75    0.      0.      0.
     0.  ]
 [   0.      6.25    0.      0.      0.     93.75    0.      0.      0.
     0.  ]
 [   0.      6.25    0.      0.      0.     93.75    0.      0.      0.
     0.  ]]
 
****************for the digit6: 
[[ 20.     0.     0.     0.     0.    80.     0.     0.     0.     0.  ]
 [ 20.    10.     0.     0.     0.    20.    30.     0.    20.     0.  ]
 [  0.    15.     0.     0.     5.    25.    15.     0.    40.     0.  ]
 [  0.     0.     0.     0.    10.    20.    60.     0.    10.     0.  ]
 [  0.    26.67   0.     0.    13.33  10.    46.67   0.     3.33   0.  ]
 [  0.     3.33   0.     0.     0.    26.67  66.67   0.     3.33   0.  ]
 [  0.    23.33   0.     0.    13.33  10.    53.33   0.     0.     0.  ]
 [  0.     0.     0.     0.     0.    10.    80.     0.    10.     0.  ]
 [  0.     0.     0.     0.     5.    25.    60.     0.    10.     0.  ]
 [  0.    10.     0.     0.     0.    10.    80.     0.     0.     0.  ]
 [  0.     0.     0.     0.     0.    10.    80.     0.    10.     0.  ]
 [  0.     0.     0.     0.     0.    10.    82.5    0.     7.5    0.  ]
 [  0.     0.     0.     0.     6.43  10.    80.     0.     3.57   0.  ]
 [ 10.     0.     0.     0.     0.    30.    60.     0.     0.     0.  ]
 [  0.    10.     0.     0.     5.    10.    75.     0.     0.     0.  ]
 [  0.     0.     0.     0.     0.    10.    90.     0.     0.     0.  ]
 [  0.     0.     0.     0.     5.71  10.    84.29   0.     0.     0.  ]
 [  0.     0.     0.     0.    10.    10.    80.     0.     0.     0.  ]
 [  0.     0.     0.     0.    10.    10.    80.     0.     0.     0.  ]
 [  0.     0.     0.     0.     6.09  10.    83.91   0.     0.     0.  ]
 [  0.     0.     0.     0.    10.    10.    80.     0.     0.     0.  ]
 [  0.    20.     0.     0.    10.    10.    60.     0.     0.     0.  ]
 [  0.     0.     0.     0.     7.14  10.    80.     0.     2.86   0.  ]
 [  0.     0.     0.     0.    10.    10.    80.     0.     0.     0.  ]
 [  0.     0.     0.     0.    10.    10.    80.     0.     0.     0.  ]
 [  0.     0.     0.     0.     0.    10.    90.     0.     0.     0.  ]]
 
****************for the digit7: 
[[   0.     57.14    0.      0.      0.      0.      0.     42.86    0.
     0.  ]
 [   0.     14.29   14.29    0.      0.      0.      0.     71.43    0.
     0.  ]
 [   0.     28.57    0.      7.14    0.      0.      0.     57.14    0.
     7.14]
 [   0.      0.     42.86    0.      0.      0.      0.     57.14    0.
     0.  ]
 [   0.      0.     19.05    0.      0.      0.      0.     76.19    4.76
     0.  ]
 [   0.      9.52   33.33    9.52    0.      0.      0.     38.1     9.52
     0.  ]
 [   0.      0.      0.      9.52    0.      0.      0.     76.19   14.29
     0.  ]
 [   0.      0.     13.39   13.39    0.      0.      0.     73.21    0.
     0.  ]
 [   0.      0.     14.29    0.      0.      0.      0.     78.57    7.14
     0.  ]
 [   0.      0.      0.      0.      0.      0.      0.    100.      0.
     0.  ]
 [   0.      0.      8.93    0.      0.      0.      0.     91.07    0.
     0.  ]
 [   0.      0.      3.57    0.      0.      0.      0.     96.43    0.
     0.  ]
 [   0.      0.      0.      0.      0.      0.      0.    100.      0.
     0.  ]
 [   0.      0.     14.29    0.      0.      0.      0.     85.71    0.
     0.  ]
 [   0.      0.      7.14    0.      0.      0.      0.     92.86    0.
     0.  ]
 [   0.      0.      0.      0.      0.      0.      0.    100.      0.
     0.  ]
 [   0.      0.      0.      0.      0.      0.      0.    100.      0.
     0.  ]
 [   0.      0.      0.      0.      0.      0.      0.    100.      0.
     0.  ]
 [   0.      0.      0.      0.      0.      0.      0.    100.      0.
     0.  ]
 [   0.      0.      0.      0.      0.      0.      0.    100.      0.
     0.  ]
 [   0.      0.      0.      0.      0.      0.      0.    100.      0.
     0.  ]
 [   0.      0.      0.      0.      0.      0.      0.    100.      0.
     0.  ]
 [   0.      0.      0.      0.      0.      0.      0.    100.      0.
     0.  ]
 [   0.      0.      0.      0.      0.      0.      0.    100.      0.
     0.  ]
 [   0.      0.      0.      0.      0.      0.      0.    100.      0.
     0.  ]
 [   0.      0.      0.      0.      0.      0.      0.    100.      0.
     0.  ]]
 
****************for the digit8: 
[[  20.     40.      0.      0.      0.     40.      0.      0.      0.
     0.  ]
 [  13.33   26.67    0.      0.      0.      0.     20.      0.     40.
     0.  ]
 [   0.     13.33    0.      0.      0.      0.     10.      0.     66.67
    10.  ]
 [   0.      0.      0.      0.      0.      0.      6.67    0.     93.33
     0.  ]
 [   0.      6.67    0.      0.      0.      0.      0.      0.     82.22
    11.11]
 [  17.78    6.67    0.      0.      4.44    6.67    6.67    0.     37.78
    20.  ]
 [   4.44    8.89    0.      0.      2.22    0.      2.22    0.     71.11
    11.11]
 [   6.25   12.5     0.      0.      0.      0.      0.      0.     74.58
     6.67]
 [   3.33    0.      0.      6.67    0.      0.      6.67    0.     70.
    13.33]
 [   6.67    6.67    0.      0.      0.      0.      0.      0.     86.67
     0.  ]
 [   0.      8.33    0.      0.      0.      0.      4.17    0.     83.33
     4.17]
 [   0.      1.67    0.      0.      0.      0.      1.67    0.     96.67
     0.  ]
 [   0.      0.      0.      0.      0.      0.      0.      0.    100.
     0.  ]
 [   6.67    0.      0.      0.      0.      0.      6.67    0.     60.
    26.67]
 [   3.33   16.67    0.      0.      0.      0.      0.      0.     76.67
     3.33]
 [   0.      0.      0.      0.      0.      0.      0.      0.    100.
     0.  ]
 [   0.      0.      0.      0.      0.      0.      0.      0.     96.19
     3.81]
 [   0.      0.      0.      0.      0.      0.      0.      0.     96.23
     3.77]
 [   0.      0.      0.      0.      0.      0.      0.      0.     93.33
     6.67]
 [   0.      0.      0.      0.      0.      0.      0.      0.     95.94
     4.06]
 [   0.      0.      0.      0.      0.      0.      0.      0.    100.
     0.  ]
 [   0.     26.67    0.      0.      0.      0.      0.      0.     73.33
     0.  ]
 [   0.      0.      0.      0.      0.      0.      0.      0.     93.33
     6.67]
 [   0.      0.      0.      0.      0.      0.      0.      0.    100.
     0.  ]
 [   0.      0.      0.      0.      0.      0.      0.      0.    100.
     0.  ]
 [   0.      0.      0.      0.      0.      0.      0.      0.    100.
     0.  ]]
 
****************for the digit9: 
[[ 38.46  30.77   0.     0.     0.    30.77   0.     0.     0.     0.  ]
 [  0.    53.85   0.    15.38   0.     0.     0.     0.    15.38  15.38]
 [  0.    30.77   0.     7.69   0.     7.69   3.85   0.    11.54  38.46]
 [  0.     7.69   0.     0.     0.    23.08   0.     7.69   7.69  53.85]
 [  0.    12.82   0.     5.13   0.    23.08   0.     0.    15.38  43.59]
 [  2.56  17.95   0.    10.26   0.    12.82   0.     0.     7.69  48.72]
 [  0.    12.82   0.     2.56   0.    15.38   0.     0.    10.26  58.97]
 [  0.     7.69   0.     0.     0.     7.21   7.69   0.     7.69  69.71]
 [  0.     3.85   0.     0.     0.    11.54   3.85   3.85   7.69  69.23]
 [  0.     7.69   0.     0.     0.     7.69   0.     0.     7.69  76.92]
 [  0.     4.81   0.     0.     0.     4.81   7.69   0.    10.58  72.12]
 [  0.     7.69   0.     5.77   0.     0.     7.69   0.     7.69  71.15]
 [  0.     7.69   0.     7.69   0.     0.     7.69   0.     7.69  69.23]
 [  0.     0.     0.     0.     0.    23.08   7.69   0.     7.69  61.54]
 [  0.    19.23   0.     0.     0.    11.54   3.85   0.     7.69  57.69]
 [  0.     7.69   0.     7.69   0.     0.     7.69   0.     7.69  69.23]
 [  0.     7.69   0.     7.69   0.     0.     7.69   0.     7.69  69.23]
 [  0.     7.69   0.     7.69   0.     0.     7.69   0.     7.69  69.23]
 [  0.     7.69   0.     7.69   0.     0.     7.69   0.     7.69  69.23]
 [  0.     7.69   0.     7.69   0.     0.     7.69   0.     7.69  69.23]
 [  0.     7.69   0.     7.69   0.     0.     7.69   0.     7.69  69.23]
 [  0.    23.08   0.     7.69   0.     0.     7.69   7.69   7.69  46.15]
 [  0.     7.69   0.     5.49   0.     0.     7.69   0.     7.69  71.43]
 [  0.     7.69   0.     7.69   0.     0.     7.69   0.     7.69  69.23]
 [  0.     7.69   0.     7.69   0.     0.     7.69   0.     7.69  69.23]
 [  0.     7.69   0.     7.69   0.     0.     7.69   0.     7.69  69.23]]
 


********************************************************************************
***********************************************

Report for test-multi-noise: 
global confusion matrix: 
[[  87.5     0.      0.      0.      0.      0.      0.      0.     12.5
     0.  ]
 [   0.    100.      0.      0.      0.      0.      0.      0.      0.
     0.  ]
 [   0.      0.     88.88    5.55    0.      0.      0.      5.55    0.
     0.  ]
 [   0.      0.      0.     92.31    0.      0.      0.      0.      0.
     7.69]
 [   0.      0.      0.      0.     58.84    0.     35.31    0.      5.88
     0.  ]
 [   0.      6.25    0.      0.      0.     93.75    0.      0.      0.
     0.  ]
 [   0.      0.      0.      0.      0.     10.     80.      0.     10.
     0.  ]
 [   0.      0.      0.      0.      0.      0.      0.     71.44   28.56
     0.  ]
 [   0.      6.66    0.      0.      0.      0.      0.      0.     93.31
     0.  ]
 [   0.      0.      0.      7.69    0.      0.      0.      0.     23.08
    69.25]]
 
all sequences: 
****************for the digit0: 
[[   0.     87.5     0.      0.      0.      0.     12.5     0.      0.
     0.  ]
 [   0.    100.      0.      0.      0.      0.      0.      0.      0.
     0.  ]
 [   6.25   31.25    0.      0.      0.     18.75    6.25    0.      6.25
    31.25]
 [   0.      0.      0.      0.      0.      0.      0.      0.      0.
   100.  ]
 [  54.17    0.      0.     12.5     0.      0.      8.33    0.     16.67
     8.33]
 [   0.     33.33    0.      0.      0.      0.      0.      0.      0.
    66.67]
 [  54.17    0.      0.     12.5     0.      0.     12.5     0.     12.5
     8.33]
 [  58.59    0.      0.     12.5     0.      0.     12.5     0.     16.41
     0.  ]
 [  31.25    0.      0.      6.25    0.      6.25    6.25    0.      0.
    50.  ]
 [  62.5     0.      0.     12.5     0.     12.5     0.      0.      0.
    12.5 ]
 [  46.88    0.      0.     12.5     0.      0.     12.5     0.     28.12
     0.  ]
 [   6.25    0.      0.     12.5     0.      0.     12.5     0.     68.75
     0.  ]
 [   0.      0.      0.     12.5     0.      0.     12.5     8.04   66.96
     0.  ]
 [  50.      0.      0.      0.      0.      0.      0.     12.5     0.
    37.5 ]
 [  18.75    0.      0.      6.25    0.      6.25    0.      6.25   43.75
    18.75]
 [   0.      0.      0.     12.5     0.      0.     12.5     0.     75.
     0.  ]
 [   0.      0.      0.     12.5     0.      0.     12.5     7.14   67.86
     0.  ]
 [   5.43    0.      0.     12.5     0.      0.     12.5     7.07   62.5
     0.  ]
 [   0.      0.      0.     12.5     0.      0.     12.5    12.5    62.5
     0.  ]
 [   0.      0.      0.     12.5     0.      0.     12.5     7.61   67.39
     0.  ]
 [  12.5     0.      0.     12.5     0.      0.     12.5     0.     62.5
     0.  ]
 [   0.      0.      0.      0.      0.      0.     12.5    25.     37.5
    25.  ]
 [   0.      0.      0.     12.5     0.      0.     12.5     3.57   71.43
     0.  ]
 [  12.5     0.      0.     12.5     0.     12.5     0.      0.     62.5
     0.  ]
 [  12.5     0.      0.     12.5     0.     12.5     0.      0.     62.5
     0.  ]
 [   0.      0.      0.     12.5     0.     12.5     0.      0.     75.
     0.  ]]
 
****************for the digit1: 
[[   0.    100.      0.      0.      0.      0.      0.      0.      0.
     0.  ]
 [   0.    100.      0.      0.      0.      0.      0.      0.      0.
     0.  ]
 [   0.     47.06    0.      0.      0.      2.94    0.      0.      2.94
    47.06]
 [   0.      0.      0.      0.      0.      5.88    0.      0.      0.
    94.12]
 [  11.76    0.      0.      0.      0.      3.92    0.      0.      0.
    84.31]
 [   0.     33.33    0.      0.      0.      0.      0.      0.      0.
    66.67]
 [  27.45    0.      0.      0.      0.      0.      0.      0.      0.
    72.55]
 [  27.57    1.84    0.      0.      0.      0.      0.      0.      1.84
    68.75]
 [  17.65    0.      0.      0.      0.      0.      0.      2.94    2.94
    76.47]
 [  47.06    0.      0.      0.      0.      0.      0.      0.      0.
    52.94]
 [  22.06   13.24    0.      0.      0.      0.      0.      0.     11.03
    53.68]
 [   5.88   51.47    0.      0.      0.      0.      0.      0.     19.12
    23.53]
 [   0.     70.59    0.      0.      0.      0.      0.      0.     21.43
     7.98]
 [  52.94    0.      0.      0.      0.      0.      0.      0.      0.
    47.06]
 [  17.65    5.88    0.      0.      0.      0.      0.      0.     14.71
    61.76]
 [   0.     23.53    0.      0.      0.      0.      0.      0.     23.53
    52.94]
 [   0.     62.18    0.      0.      0.      0.      0.      0.     24.37
    13.45]
 [   0.     88.24    0.      0.      0.      0.      0.      0.     11.76
     0.  ]
 [   0.     64.71    0.      0.      0.      0.      0.      0.     35.29
     0.  ]
 [   0.     70.59    0.      0.      0.      0.      0.      0.     29.41
     0.  ]
 [   0.    100.      0.      0.      0.      0.      0.      0.      0.
     0.  ]
 [   0.     11.76    0.      0.      0.      0.      0.      0.     23.53
    64.71]
 [   0.     44.54    0.      4.2     0.      0.      0.      0.     30.25
    21.01]
 [   0.     82.35    0.      0.      0.      0.      0.      0.     17.65
     0.  ]
 [   0.    100.      0.      0.      0.      0.      0.      0.      0.
     0.  ]
 [   0.     70.59    0.      0.      0.      0.      0.      0.     29.41
     0.  ]]
 
****************for the digit2: 
[[  0.    88.89   0.     0.     0.     0.    11.11   0.     0.     0.  ]
 [  0.    94.44   0.     0.     0.     0.     5.56   0.     0.     0.  ]
 [ 16.67  41.67   0.     5.56   0.     5.56   0.     2.78   2.78  25.  ]
 [  5.56   0.     0.     5.56   0.     0.     0.     5.56  11.11  72.22]
 [ 20.37   0.     0.     5.56   0.     0.     3.7    9.26  24.07  37.04]
 [  0.    33.33   0.     0.     0.     0.     0.     0.     3.7   62.96]
 [ 29.63   0.     0.     1.85   0.     0.     0.     7.41  33.33  27.78]
 [ 15.97   0.69   0.     5.56   0.     0.     0.    39.58  11.81  26.39]
 [ 25.     0.     0.     2.78   0.     0.     0.    16.67  22.22  33.33]
 [ 44.44   0.     0.     0.     0.     0.     0.    38.89   5.56  11.11]
 [ 12.5    2.08   0.     5.56   0.     0.     0.    48.61  18.75  12.5 ]
 [  6.94   8.33   6.94   5.56   0.     0.     0.    48.61  19.44   4.17]
 [  3.57   5.56  11.11   5.56   0.     0.     0.    53.57  20.63   0.  ]
 [ 50.     0.     5.56   0.     0.     0.     0.    27.78   0.    16.67]
 [ 13.89   0.     5.56   0.     0.     0.     0.    63.89   8.33   8.33]
 [  0.     0.    11.11  11.11   0.     0.     0.    61.11  11.11   5.56]
 [  3.17   0.     5.56   5.56   0.     0.     0.    75.4   10.32   0.  ]
 [  4.83   2.42  16.67   5.56   0.     0.     0.    61.84   8.7    0.  ]
 [  0.     0.    11.11   5.56   0.     0.     0.    77.78   5.56   0.  ]
 [  2.17   0.    14.49   5.56   0.     0.     0.    72.22   5.56   0.  ]
 [  0.     0.    16.67   5.56   0.     0.     0.    66.67  11.11   0.  ]
 [  0.     0.    11.11   5.56   0.     0.     0.    66.67  11.11   5.56]
 [  0.     0.    11.11   3.97   0.     0.     0.    77.78   5.56   1.59]
 [  5.56   0.    16.67   5.56   0.     0.     0.    66.67   5.56   0.  ]
 [  0.     0.    27.78   5.56   0.     0.     0.    55.56  11.11   0.  ]
 [  0.     0.    22.22   5.56   0.     0.     0.    61.11  11.11   0.  ]]
 
****************for the digit3: 
[[   0.    100.      0.      0.      0.      0.      0.      0.      0.
     0.  ]
 [   0.    100.      0.      0.      0.      0.      0.      0.      0.
     0.  ]
 [   0.     50.      0.     11.54    0.      0.      0.      0.      0.
    38.46]
 [   0.      0.      7.69   15.38    0.      0.      0.      0.      0.
    76.92]
 [   0.      0.      2.56   30.77    0.      0.      0.      0.      5.13
    61.54]
 [   0.     33.33    0.      0.      0.      0.      0.      5.13    0.
    61.54]
 [   0.      0.      7.69   15.38    0.      0.      0.      0.      0.
    76.92]
 [   0.      3.37    7.69   31.25    0.      0.      0.      0.      0.
    57.69]
 [   3.85    0.      7.69    7.69    0.      0.      0.      0.      0.
    80.77]
 [   0.      0.      7.69    7.69    0.      0.      0.      7.69    0.
    76.92]
 [   0.     23.08    7.69   25.96    0.      0.      0.      0.      0.
    43.27]
 [   0.     34.62    0.     53.85    0.      0.      0.      0.      0.
    11.54]
 [   0.     26.37    7.69   65.93    0.      0.      0.      0.      0.
     0.  ]
 [  23.08    0.      7.69    7.69    0.      0.      0.      0.      0.
    61.54]
 [   0.     15.38    7.69   11.54    0.      0.      0.     11.54    0.
    53.85]
 [   0.     30.77    7.69   38.46    0.      0.      0.      0.      0.
    23.08]
 [   0.     25.27    7.69   67.03    0.      0.      0.      0.      0.
     0.  ]
 [   0.     24.41    7.69   67.89    0.      0.      0.      0.      0.
     0.  ]
 [   0.      7.69    7.69   84.62    0.      0.      0.      0.      0.
     0.  ]
 [   0.     13.71    7.69   78.6     0.      0.      0.      0.      0.
     0.  ]
 [   0.     23.08    7.69   69.23    0.      0.      0.      0.      0.
     0.  ]
 [   0.      7.69    7.69   23.08    0.      0.      0.     15.38    0.
    46.15]
 [   0.      6.59    7.69   71.43    0.      0.      0.      2.2     0.
    12.09]
 [   0.     15.38    7.69   76.92    0.      0.      0.      0.      0.
     0.  ]
 [   0.      0.      7.69   92.31    0.      0.      0.      0.      0.
     0.  ]
 [   0.      0.      7.69   92.31    0.      0.      0.      0.      0.
     0.  ]]
 
****************for the digit4: 
[[  0.    41.18   0.     0.     0.     0.    58.82   0.     0.     0.  ]
 [  0.    64.71   0.     0.     5.88  11.76   0.     0.    11.76   5.88]
 [ 17.65  26.47   0.     2.94   5.88   8.82  11.76   0.     5.88  20.59]
 [  0.     0.     0.     5.88   5.88   5.88  23.53   5.88   0.    52.94]
 [ 21.57   0.     0.    13.73   1.96   0.    19.61   1.96   0.    41.18]
 [  0.    19.61   0.     0.    15.69   0.     7.84   0.    17.65  39.22]
 [ 27.45   0.     0.     3.92   5.88   9.8   13.73   0.     9.8   29.41]
 [ 17.28   6.99   0.     6.25   5.51   0.    28.68   5.88  12.5   16.91]
 [ 26.47   0.     0.     0.    20.59   0.     2.94   0.    23.53  26.47]
 [ 29.41   0.     0.     0.    11.76  11.76  11.76   0.    29.41   5.88]
 [ 14.71   4.41   0.     4.41   3.68   0.    22.06   0.    31.62  19.12]
 [  2.94  20.59   0.    10.29   1.47   0.    29.41   4.41  27.94   2.94]
 [  0.    23.53   0.     5.88   9.66   0.    25.63   0.    35.29   0.  ]
 [ 23.53   0.     0.     0.    23.53   5.88   5.88   0.    35.29   5.88]
 [  5.88   0.     0.     0.    14.71   0.    23.53   0.    55.88   0.  ]
 [  0.     5.88   0.     0.    11.76   0.    35.29   0.    41.18   5.88]
 [  0.     5.88   0.     0.    17.65   0.    26.89   0.    47.06   2.52]
 [  0.    20.2    0.     5.88  11.76   0.    23.53   0.    38.62   0.  ]
 [  0.     5.88   0.     0.    17.65   0.    29.41   0.    47.06   0.  ]
 [  0.     5.88   0.     0.    23.53   0.    29.41   0.    41.18   0.  ]
 [  0.     5.88   0.     0.    23.53   0.    29.41   0.    41.18   0.  ]
 [  0.     0.     0.     0.    23.53   0.    29.41   0.    47.06   0.  ]
 [  0.     5.88   0.     0.    21.85   0.    31.09   0.    41.18   0.  ]
 [  0.     5.88   0.     0.    23.53   0.    35.29   0.    35.29   0.  ]
 [  0.     5.88   0.     0.    35.29   0.    29.41   0.    29.41   0.  ]
 [  0.     5.88   0.     0.    23.53   0.    47.06   0.    23.53   0.  ]]
 
****************for the digit5: 
[[   0.     43.75    0.      0.      0.      0.     56.25    0.      0.
     0.  ]
 [   0.    100.      0.      0.      0.      0.      0.      0.      0.
     0.  ]
 [  12.5    37.5     0.      0.      0.      6.25    0.      0.      3.12
    40.62]
 [   0.      0.      0.      0.      0.     25.      0.      0.      0.
    75.  ]
 [  18.75    0.      0.      0.      0.     31.25    0.      0.     20.83
    29.17]
 [   0.     33.33    0.      0.      0.      0.      0.      0.      4.17
    62.5 ]
 [  20.83    0.      0.      0.      0.     45.83    0.      0.      4.17
    29.17]
 [  29.3     0.78    0.      0.      0.     36.33    0.      0.      1.95
    31.64]
 [  25.      0.      0.      0.      0.     25.      0.      0.      0.
    50.  ]
 [  50.      0.      0.      0.      0.     25.      0.      0.      0.
    25.  ]
 [  19.53    4.69    0.      0.      0.     35.94    0.      0.     11.72
    28.12]
 [   3.12   23.44    0.      0.      0.     21.88    0.      0.     21.88
    29.69]
 [   0.     30.8     0.      0.      0.     27.23    0.      0.     25.
    16.96]
 [  37.5     0.      0.      0.      0.      6.25    0.      0.      0.
    56.25]
 [  15.62    3.12    0.      0.      0.     12.5     0.      3.12    6.25
    59.38]
 [   0.      6.25    0.      0.      0.     18.75    0.      0.     25.
    50.  ]
 [   0.      8.93    0.      0.      0.     22.32    0.      0.     28.57
    40.18]
 [   0.     20.65    0.      0.      0.     34.78    0.      0.     25.
    19.57]
 [   0.      6.25    0.      6.25    0.     37.5     0.      0.     25.
    25.  ]
 [   0.     19.84    0.      0.      0.     41.3     0.      0.     25.
    13.86]
 [   0.     31.25    0.      0.      0.     56.25    0.      0.     12.5
     0.  ]
 [   0.      6.25    0.      0.      0.     18.75    0.      0.     25.
    50.  ]
 [   0.      4.46    0.      4.46    0.     33.93    0.      0.     25.
    32.14]
 [   0.     18.75    0.      0.      0.     62.5     0.      0.     12.5
     6.25]
 [   0.     31.25    0.      0.      0.     62.5     0.      0.      6.25
     0.  ]
 [   0.     12.5     0.      0.      0.     62.5     0.      0.     12.5
    12.5 ]]
 
****************for the digit6: 
[[   0.     40.      0.      0.      0.      0.     60.      0.      0.
     0.  ]
 [   0.    100.      0.      0.      0.      0.      0.      0.      0.
     0.  ]
 [  15.     35.      0.      0.      0.     10.      5.      0.      5.
    30.  ]
 [   0.      0.      0.      0.      0.      0.     10.      0.     10.
    80.  ]
 [  50.      0.      0.      0.      0.      0.      6.67    0.      6.67
    36.67]
 [   0.     33.33    0.      0.      0.      0.      0.      0.      0.
    66.67]
 [  50.      0.      0.      0.      0.      0.     13.33    0.     10.
    26.67]
 [  46.88    0.      0.      0.      0.      0.     10.      0.     13.12
    30.  ]
 [  50.      0.      0.      0.      0.      0.      0.      0.     10.
    40.  ]
 [  70.      0.      0.      0.      0.      0.      0.      0.     10.
    20.  ]
 [  37.5     7.5     0.      0.      0.      0.      6.25    0.     22.5
    26.25]
 [   7.5    15.      0.      0.      0.      0.      5.      0.     70.
     2.5 ]
 [   0.     30.      0.      0.      0.      0.     10.      0.     60.
     0.  ]
 [  60.      0.      0.      0.      0.      0.      0.     10.     20.
    10.  ]
 [  35.      0.      0.      0.      0.      5.      0.      0.     40.
    20.  ]
 [   0.      0.      0.      0.      0.      0.     20.     10.     30.
    40.  ]
 [   0.      0.      0.      0.      0.      0.     14.29    0.     81.43
     4.29]
 [   0.     20.      0.      0.      0.      0.     20.      0.     60.
     0.  ]
 [   0.     10.      0.      0.      0.      0.     20.      0.     70.
     0.  ]
 [   0.     20.      0.      0.      0.      0.     20.      0.     60.
     0.  ]
 [   0.     20.      0.      0.      0.      0.     20.      0.     60.
     0.  ]
 [   0.      0.      0.      0.      0.     10.     20.      0.     30.
    40.  ]
 [   0.      7.14    0.      0.      0.      2.86   20.      0.     54.29
    15.71]
 [   0.     20.      0.      0.      0.      0.     20.      0.     60.
     0.  ]
 [   0.     20.      0.      0.      0.      0.     20.      0.     60.
     0.  ]
 [   0.     20.      0.      0.      0.      0.     20.      0.     60.
     0.  ]]
 
****************for the digit7: 
[[   0.    100.      0.      0.      0.      0.      0.      0.      0.
     0.  ]
 [   0.    100.      0.      0.      0.      0.      0.      0.      0.
     0.  ]
 [   0.     50.      0.      0.      0.      0.      0.      0.     14.29
    35.71]
 [   0.      0.      0.      0.      0.      0.      0.     14.29   28.57
    57.14]
 [  19.05    0.      0.      0.      0.      0.      0.     28.57   19.05
    33.33]
 [   0.     33.33    0.      0.      0.      0.      0.      0.      0.
    66.67]
 [  38.1     0.      0.      0.      0.      0.      0.     23.81    9.52
    28.57]
 [  40.18    0.89    0.      0.      0.      0.      0.     28.57   16.96
    13.39]
 [  42.86    0.      0.      0.      0.      0.      0.      0.     14.29
    42.86]
 [  71.43    0.      0.      0.      0.      0.      0.      0.     14.29
    14.29]
 [  26.79    5.36    0.      0.      0.      0.      0.     33.93   25.
     8.93]
 [   7.14   10.71    0.      0.      0.      0.      0.     28.57   50.
     3.57]
 [   0.     14.29    0.      0.      0.      0.      0.     28.57   57.14
     0.  ]
 [  85.71    0.      0.      0.      0.      0.      0.      0.      0.
    14.29]
 [  35.71    0.      0.      0.      0.      0.      0.     35.71   14.29
    14.29]
 [   0.     14.29    0.      0.      0.      0.      0.     42.86   42.86
     0.  ]
 [   0.     14.29    0.      0.      0.      0.      0.     28.57   57.14
     0.  ]
 [   0.      6.21    0.      0.      0.      0.      0.     36.65   57.14
     0.  ]
 [   0.      0.      0.     14.29    0.      0.      0.     42.86   42.86
     0.  ]
 [   0.     14.29    0.      0.      0.      0.      0.     37.27   48.45
     0.  ]
 [   0.      0.      0.      0.      0.      0.      0.     42.86   57.14
     0.  ]
 [   0.      0.      0.      0.      0.      0.      0.     42.86   42.86
    14.29]
 [   0.      0.      0.     10.2     0.      0.      0.     53.06   32.65
     4.08]
 [   0.      0.      0.      0.      0.      0.      0.     57.14   42.86
     0.  ]
 [   0.      0.      0.      0.      0.      0.      0.     71.43   28.57
     0.  ]
 [   0.      0.      0.     14.29    0.      0.      0.     42.86   42.86
     0.  ]]
 
****************for the digit8: 
[[   0.     86.67    0.      0.      0.      6.67    6.67    0.      0.
     0.  ]
 [   0.    100.      0.      0.      0.      0.      0.      0.      0.
     0.  ]
 [  13.33   36.67    0.      0.      0.      6.67    6.67    0.      0.
    36.67]
 [   6.67    0.      0.      0.      0.      0.      0.      6.67    6.67
    80.  ]
 [  20.      0.      0.      0.      0.      0.      0.      0.     13.33
    66.67]
 [   4.44   31.11    0.      0.      0.      0.      0.      0.      2.22
    62.22]
 [  22.22    0.      0.      0.      0.      0.      0.      6.67   11.11
    60.  ]
 [  18.75    1.67    0.      0.      0.      0.      0.      0.42   21.25
    57.92]
 [  26.67    0.      0.      0.      0.      0.      0.      0.      6.67
    66.67]
 [  46.67    0.      0.      0.      0.      0.      0.      6.67    6.67
    40.  ]
 [  12.5    10.      0.      0.      0.      0.      0.      2.5    38.33
    36.67]
 [   3.33   20.      0.      0.      0.      0.      0.      0.     58.33
    18.33]
 [   0.     38.1     0.      0.      0.      0.      0.      0.     59.52
     2.38]
 [  53.33    0.      0.      0.      0.      0.      0.      0.     13.33
    33.33]
 [  20.      3.33    0.      0.      0.      0.      0.      0.     33.33
    43.33]
 [   0.      6.67    0.      0.      0.      0.      0.      0.     60.
    33.33]
 [   0.     23.81    0.      0.      0.      0.      0.      3.81   69.52
     2.86]
 [   0.     33.33    0.      0.      0.      0.      0.      0.     66.67
     0.  ]
 [   0.     20.      0.      0.      0.      0.      0.      6.67   73.33
     0.  ]
 [   0.     29.28    0.      4.06    0.      0.      0.      0.     66.67
     0.  ]
 [   0.     33.33    0.      0.      0.      0.      0.      0.     66.67
     0.  ]
 [   0.      6.67    0.      0.      0.      0.      0.      6.67   53.33
    33.33]
 [   0.     11.43    0.      9.52    0.      0.      0.      6.67   64.76
     7.62]
 [   0.     33.33    0.      0.      0.      0.      0.      0.     66.67
     0.  ]
 [   0.     33.33    0.      0.      0.      0.      0.      0.     66.67
     0.  ]
 [   0.     26.67    0.      6.67    0.      0.      0.      0.     66.67
     0.  ]]
 
****************for the digit9: 
[[   0.    100.      0.      0.      0.      0.      0.      0.      0.
     0.  ]
 [   0.    100.      0.      0.      0.      0.      0.      0.      0.
     0.  ]
 [  11.54   38.46    0.      0.      0.      3.85    0.      0.      3.85
    42.31]
 [   0.      0.      0.      0.      0.      0.      0.      0.      7.69
    92.31]
 [  17.95    0.      0.      0.      0.      0.      0.      0.     10.26
    71.79]
 [   0.     33.33    0.      0.      0.      0.      0.      0.      0.
    66.67]
 [  25.64    0.      0.      0.      0.      0.      0.      0.      2.56
    71.79]
 [  28.85    1.92    0.      0.      0.      0.      0.      0.     10.1
    59.13]
 [  26.92    0.      0.      0.      0.      0.      0.      0.      0.
    73.08]
 [  46.15    0.      0.      0.      0.      0.      0.      0.      7.69
    46.15]
 [  14.42   11.54    0.      0.      0.      9.62    0.      0.     21.15
    43.27]
 [   3.85   34.62    0.      0.      0.      1.92    0.      0.     26.92
    32.69]
 [   0.     40.66    0.      0.      0.      0.      0.      4.95   35.71
    18.68]
 [  53.85    0.      0.      0.      0.      0.      0.      0.      0.
    46.15]
 [  19.23    7.69    0.      0.      0.      0.      0.     11.54    3.85
    57.69]
 [   0.     23.08    0.      0.      0.      0.      0.      7.69   30.77
    38.46]
 [   0.     31.87    0.      0.      0.      0.      0.      4.4    30.77
    32.97]
 [   0.     57.19    0.      3.34    0.      0.      0.      4.35   23.08
    12.04]
 [   0.     23.08    0.      7.69    0.      0.      0.      7.69   30.77
    30.77]
 [   0.     44.48    0.      3.01    0.      0.      0.      9.36   29.1
    14.05]
 [   0.     61.54    0.      7.69    0.      0.      0.      0.     30.77
     0.  ]
 [   0.     15.38    0.      0.      0.      0.      0.      7.69    7.69
    69.23]
 [   0.     28.57    0.      5.49    0.      2.2     0.     10.99   20.88
    31.87]
 [   0.     61.54    0.      7.69    0.      0.      0.      0.     23.08
     7.69]
 [   0.     69.23    0.      7.69    0.      0.      0.      0.     15.38
     7.69]
 [   0.     38.46    0.      7.69    0.      0.      0.      0.     30.77
    23.08]]
 


********************************************************************************
***********************************************

Report for db-multi-noise: 
global confusion matrix: 
[[ 96.     0.     0.     0.     0.     0.     0.     0.     4.     0.  ]
 [  0.    97.56   0.     0.     0.     2.44   0.     0.     0.     0.  ]
 [  0.     0.    97.12   0.     0.     0.     0.     2.86   0.     0.  ]
 [  0.     0.     0.    96.69   0.     0.     0.     0.     3.33   0.  ]
 [  0.     0.     0.     0.    97.     0.     3.03   0.     0.     0.  ]
 [  0.     0.     0.     0.     0.    97.44   2.56   0.     0.     0.  ]
 [  0.     0.     0.     0.     3.57   0.    96.44   0.     0.     0.  ]
 [  0.     0.     0.     3.85   0.     0.     0.    92.31   3.85   0.  ]
 [  0.     0.     0.     0.     0.     0.     3.57   0.    96.44   0.  ]
 [  0.     3.57   0.     0.     0.     0.     0.     0.     3.57  92.88]]
 
all sequences: 
****************for the digit0: 
[[   0.     87.5     0.      0.      0.      0.     12.5     0.      0.
     0.  ]
 [   0.    100.      0.      0.      0.      0.      0.      0.      0.
     0.  ]
 [   6.25   31.25    0.      0.      0.     18.75    6.25    0.      6.25
    31.25]
 [   0.      0.      0.      0.      0.      0.      0.      0.      0.
   100.  ]
 [  54.17    0.      0.     12.5     0.      0.      8.33    0.     16.67
     8.33]
 [   0.     33.33    0.      0.      0.      0.      0.      0.      0.
    66.67]
 [  54.17    0.      0.     12.5     0.      0.     12.5     0.     12.5
     8.33]
 [  58.59    0.      0.     12.5     0.      0.     12.5     0.     16.41
     0.  ]
 [  31.25    0.      0.      6.25    0.      6.25    6.25    0.      0.
    50.  ]
 [  62.5     0.      0.     12.5     0.     12.5     0.      0.      0.
    12.5 ]
 [  46.88    0.      0.     12.5     0.      0.     12.5     0.     28.12
     0.  ]
 [   6.25    0.      0.     12.5     0.      0.     12.5     0.     68.75
     0.  ]
 [   0.      0.      0.     12.5     0.      0.     12.5     8.04   66.96
     0.  ]
 [  50.      0.      0.      0.      0.      0.      0.     12.5     0.
    37.5 ]
 [  18.75    0.      0.      6.25    0.      6.25    0.      6.25   43.75
    18.75]
 [   0.      0.      0.     12.5     0.      0.     12.5     0.     75.
     0.  ]
 [   0.      0.      0.     12.5     0.      0.     12.5     7.14   67.86
     0.  ]
 [   5.43    0.      0.     12.5     0.      0.     12.5     7.07   62.5
     0.  ]
 [   0.      0.      0.     12.5     0.      0.     12.5    12.5    62.5
     0.  ]
 [   0.      0.      0.     12.5     0.      0.     12.5     7.61   67.39
     0.  ]
 [  12.5     0.      0.     12.5     0.      0.     12.5     0.     62.5
     0.  ]
 [   0.      0.      0.      0.      0.      0.     12.5    25.     37.5
    25.  ]
 [   0.      0.      0.     12.5     0.      0.     12.5     3.57   71.43
     0.  ]
 [  12.5     0.      0.     12.5     0.     12.5     0.      0.     62.5
     0.  ]
 [  12.5     0.      0.     12.5     0.     12.5     0.      0.     62.5
     0.  ]
 [   0.      0.      0.     12.5     0.     12.5     0.      0.     75.
     0.  ]]
 
****************for the digit1: 
[[   0.    100.      0.      0.      0.      0.      0.      0.      0.
     0.  ]
 [   0.    100.      0.      0.      0.      0.      0.      0.      0.
     0.  ]
 [   0.     47.06    0.      0.      0.      2.94    0.      0.      2.94
    47.06]
 [   0.      0.      0.      0.      0.      5.88    0.      0.      0.
    94.12]
 [  11.76    0.      0.      0.      0.      3.92    0.      0.      0.
    84.31]
 [   0.     33.33    0.      0.      0.      0.      0.      0.      0.
    66.67]
 [  27.45    0.      0.      0.      0.      0.      0.      0.      0.
    72.55]
 [  27.57    1.84    0.      0.      0.      0.      0.      0.      1.84
    68.75]
 [  17.65    0.      0.      0.      0.      0.      0.      2.94    2.94
    76.47]
 [  47.06    0.      0.      0.      0.      0.      0.      0.      0.
    52.94]
 [  22.06   13.24    0.      0.      0.      0.      0.      0.     11.03
    53.68]
 [   5.88   51.47    0.      0.      0.      0.      0.      0.     19.12
    23.53]
 [   0.     70.59    0.      0.      0.      0.      0.      0.     21.43
     7.98]
 [  52.94    0.      0.      0.      0.      0.      0.      0.      0.
    47.06]
 [  17.65    5.88    0.      0.      0.      0.      0.      0.     14.71
    61.76]
 [   0.     23.53    0.      0.      0.      0.      0.      0.     23.53
    52.94]
 [   0.     62.18    0.      0.      0.      0.      0.      0.     24.37
    13.45]
 [   0.     88.24    0.      0.      0.      0.      0.      0.     11.76
     0.  ]
 [   0.     64.71    0.      0.      0.      0.      0.      0.     35.29
     0.  ]
 [   0.     70.59    0.      0.      0.      0.      0.      0.     29.41
     0.  ]
 [   0.    100.      0.      0.      0.      0.      0.      0.      0.
     0.  ]
 [   0.     11.76    0.      0.      0.      0.      0.      0.     23.53
    64.71]
 [   0.     44.54    0.      4.2     0.      0.      0.      0.     30.25
    21.01]
 [   0.     82.35    0.      0.      0.      0.      0.      0.     17.65
     0.  ]
 [   0.    100.      0.      0.      0.      0.      0.      0.      0.
     0.  ]
 [   0.     70.59    0.      0.      0.      0.      0.      0.     29.41
     0.  ]]
 
****************for the digit2: 
[[  0.    88.89   0.     0.     0.     0.    11.11   0.     0.     0.  ]
 [  0.    94.44   0.     0.     0.     0.     5.56   0.     0.     0.  ]
 [ 16.67  41.67   0.     5.56   0.     5.56   0.     2.78   2.78  25.  ]
 [  5.56   0.     0.     5.56   0.     0.     0.     5.56  11.11  72.22]
 [ 20.37   0.     0.     5.56   0.     0.     3.7    9.26  24.07  37.04]
 [  0.    33.33   0.     0.     0.     0.     0.     0.     3.7   62.96]
 [ 29.63   0.     0.     1.85   0.     0.     0.     7.41  33.33  27.78]
 [ 15.97   0.69   0.     5.56   0.     0.     0.    39.58  11.81  26.39]
 [ 25.     0.     0.     2.78   0.     0.     0.    16.67  22.22  33.33]
 [ 44.44   0.     0.     0.     0.     0.     0.    38.89   5.56  11.11]
 [ 12.5    2.08   0.     5.56   0.     0.     0.    48.61  18.75  12.5 ]
 [  6.94   8.33   6.94   5.56   0.     0.     0.    48.61  19.44   4.17]
 [  3.57   5.56  11.11   5.56   0.     0.     0.    53.57  20.63   0.  ]
 [ 50.     0.     5.56   0.     0.     0.     0.    27.78   0.    16.67]
 [ 13.89   0.     5.56   0.     0.     0.     0.    63.89   8.33   8.33]
 [  0.     0.    11.11  11.11   0.     0.     0.    61.11  11.11   5.56]
 [  3.17   0.     5.56   5.56   0.     0.     0.    75.4   10.32   0.  ]
 [  4.83   2.42  16.67   5.56   0.     0.     0.    61.84   8.7    0.  ]
 [  0.     0.    11.11   5.56   0.     0.     0.    77.78   5.56   0.  ]
 [  2.17   0.    14.49   5.56   0.     0.     0.    72.22   5.56   0.  ]
 [  0.     0.    16.67   5.56   0.     0.     0.    66.67  11.11   0.  ]
 [  0.     0.    11.11   5.56   0.     0.     0.    66.67  11.11   5.56]
 [  0.     0.    11.11   3.97   0.     0.     0.    77.78   5.56   1.59]
 [  5.56   0.    16.67   5.56   0.     0.     0.    66.67   5.56   0.  ]
 [  0.     0.    27.78   5.56   0.     0.     0.    55.56  11.11   0.  ]
 [  0.     0.    22.22   5.56   0.     0.     0.    61.11  11.11   0.  ]]
 
****************for the digit3: 
[[   0.    100.      0.      0.      0.      0.      0.      0.      0.
     0.  ]
 [   0.    100.      0.      0.      0.      0.      0.      0.      0.
     0.  ]
 [   0.     50.      0.     11.54    0.      0.      0.      0.      0.
    38.46]
 [   0.      0.      7.69   15.38    0.      0.      0.      0.      0.
    76.92]
 [   0.      0.      2.56   30.77    0.      0.      0.      0.      5.13
    61.54]
 [   0.     33.33    0.      0.      0.      0.      0.      5.13    0.
    61.54]
 [   0.      0.      7.69   15.38    0.      0.      0.      0.      0.
    76.92]
 [   0.      3.37    7.69   31.25    0.      0.      0.      0.      0.
    57.69]
 [   3.85    0.      7.69    7.69    0.      0.      0.      0.      0.
    80.77]
 [   0.      0.      7.69    7.69    0.      0.      0.      7.69    0.
    76.92]
 [   0.     23.08    7.69   25.96    0.      0.      0.      0.      0.
    43.27]
 [   0.     34.62    0.     53.85    0.      0.      0.      0.      0.
    11.54]
 [   0.     26.37    7.69   65.93    0.      0.      0.      0.      0.
     0.  ]
 [  23.08    0.      7.69    7.69    0.      0.      0.      0.      0.
    61.54]
 [   0.     15.38    7.69   11.54    0.      0.      0.     11.54    0.
    53.85]
 [   0.     30.77    7.69   38.46    0.      0.      0.      0.      0.
    23.08]
 [   0.     25.27    7.69   67.03    0.      0.      0.      0.      0.
     0.  ]
 [   0.     24.41    7.69   67.89    0.      0.      0.      0.      0.
     0.  ]
 [   0.      7.69    7.69   84.62    0.      0.      0.      0.      0.
     0.  ]
 [   0.     13.71    7.69   78.6     0.      0.      0.      0.      0.
     0.  ]
 [   0.     23.08    7.69   69.23    0.      0.      0.      0.      0.
     0.  ]
 [   0.      7.69    7.69   23.08    0.      0.      0.     15.38    0.
    46.15]
 [   0.      6.59    7.69   71.43    0.      0.      0.      2.2     0.
    12.09]
 [   0.     15.38    7.69   76.92    0.      0.      0.      0.      0.
     0.  ]
 [   0.      0.      7.69   92.31    0.      0.      0.      0.      0.
     0.  ]
 [   0.      0.      7.69   92.31    0.      0.      0.      0.      0.
     0.  ]]
 
****************for the digit4: 
[[  0.    41.18   0.     0.     0.     0.    58.82   0.     0.     0.  ]
 [  0.    64.71   0.     0.     5.88  11.76   0.     0.    11.76   5.88]
 [ 17.65  26.47   0.     2.94   5.88   8.82  11.76   0.     5.88  20.59]
 [  0.     0.     0.     5.88   5.88   5.88  23.53   5.88   0.    52.94]
 [ 21.57   0.     0.    13.73   1.96   0.    19.61   1.96   0.    41.18]
 [  0.    19.61   0.     0.    15.69   0.     7.84   0.    17.65  39.22]
 [ 27.45   0.     0.     3.92   5.88   9.8   13.73   0.     9.8   29.41]
 [ 17.28   6.99   0.     6.25   5.51   0.    28.68   5.88  12.5   16.91]
 [ 26.47   0.     0.     0.    20.59   0.     2.94   0.    23.53  26.47]
 [ 29.41   0.     0.     0.    11.76  11.76  11.76   0.    29.41   5.88]
 [ 14.71   4.41   0.     4.41   3.68   0.    22.06   0.    31.62  19.12]
 [  2.94  20.59   0.    10.29   1.47   0.    29.41   4.41  27.94   2.94]
 [  0.    23.53   0.     5.88   9.66   0.    25.63   0.    35.29   0.  ]
 [ 23.53   0.     0.     0.    23.53   5.88   5.88   0.    35.29   5.88]
 [  5.88   0.     0.     0.    14.71   0.    23.53   0.    55.88   0.  ]
 [  0.     5.88   0.     0.    11.76   0.    35.29   0.    41.18   5.88]
 [  0.     5.88   0.     0.    17.65   0.    26.89   0.    47.06   2.52]
 [  0.    20.2    0.     5.88  11.76   0.    23.53   0.    38.62   0.  ]
 [  0.     5.88   0.     0.    17.65   0.    29.41   0.    47.06   0.  ]
 [  0.     5.88   0.     0.    23.53   0.    29.41   0.    41.18   0.  ]
 [  0.     5.88   0.     0.    23.53   0.    29.41   0.    41.18   0.  ]
 [  0.     0.     0.     0.    23.53   0.    29.41   0.    47.06   0.  ]
 [  0.     5.88   0.     0.    21.85   0.    31.09   0.    41.18   0.  ]
 [  0.     5.88   0.     0.    23.53   0.    35.29   0.    35.29   0.  ]
 [  0.     5.88   0.     0.    35.29   0.    29.41   0.    29.41   0.  ]
 [  0.     5.88   0.     0.    23.53   0.    47.06   0.    23.53   0.  ]]
 
****************for the digit5: 
[[   0.     43.75    0.      0.      0.      0.     56.25    0.      0.
     0.  ]
 [   0.    100.      0.      0.      0.      0.      0.      0.      0.
     0.  ]
 [  12.5    37.5     0.      0.      0.      6.25    0.      0.      3.12
    40.62]
 [   0.      0.      0.      0.      0.     25.      0.      0.      0.
    75.  ]
 [  18.75    0.      0.      0.      0.     31.25    0.      0.     20.83
    29.17]
 [   0.     33.33    0.      0.      0.      0.      0.      0.      4.17
    62.5 ]
 [  20.83    0.      0.      0.      0.     45.83    0.      0.      4.17
    29.17]
 [  29.3     0.78    0.      0.      0.     36.33    0.      0.      1.95
    31.64]
 [  25.      0.      0.      0.      0.     25.      0.      0.      0.
    50.  ]
 [  50.      0.      0.      0.      0.     25.      0.      0.      0.
    25.  ]
 [  19.53    4.69    0.      0.      0.     35.94    0.      0.     11.72
    28.12]
 [   3.12   23.44    0.      0.      0.     21.88    0.      0.     21.88
    29.69]
 [   0.     30.8     0.      0.      0.     27.23    0.      0.     25.
    16.96]
 [  37.5     0.      0.      0.      0.      6.25    0.      0.      0.
    56.25]
 [  15.62    3.12    0.      0.      0.     12.5     0.      3.12    6.25
    59.38]
 [   0.      6.25    0.      0.      0.     18.75    0.      0.     25.
    50.  ]
 [   0.      8.93    0.      0.      0.     22.32    0.      0.     28.57
    40.18]
 [   0.     20.65    0.      0.      0.     34.78    0.      0.     25.
    19.57]
 [   0.      6.25    0.      6.25    0.     37.5     0.      0.     25.
    25.  ]
 [   0.     19.84    0.      0.      0.     41.3     0.      0.     25.
    13.86]
 [   0.     31.25    0.      0.      0.     56.25    0.      0.     12.5
     0.  ]
 [   0.      6.25    0.      0.      0.     18.75    0.      0.     25.
    50.  ]
 [   0.      4.46    0.      4.46    0.     33.93    0.      0.     25.
    32.14]
 [   0.     18.75    0.      0.      0.     62.5     0.      0.     12.5
     6.25]
 [   0.     31.25    0.      0.      0.     62.5     0.      0.      6.25
     0.  ]
 [   0.     12.5     0.      0.      0.     62.5     0.      0.     12.5
    12.5 ]]
 
****************for the digit6: 
[[   0.     40.      0.      0.      0.      0.     60.      0.      0.
     0.  ]
 [   0.    100.      0.      0.      0.      0.      0.      0.      0.
     0.  ]
 [  15.     35.      0.      0.      0.     10.      5.      0.      5.
    30.  ]
 [   0.      0.      0.      0.      0.      0.     10.      0.     10.
    80.  ]
 [  50.      0.      0.      0.      0.      0.      6.67    0.      6.67
    36.67]
 [   0.     33.33    0.      0.      0.      0.      0.      0.      0.
    66.67]
 [  50.      0.      0.      0.      0.      0.     13.33    0.     10.
    26.67]
 [  46.88    0.      0.      0.      0.      0.     10.      0.     13.12
    30.  ]
 [  50.      0.      0.      0.      0.      0.      0.      0.     10.
    40.  ]
 [  70.      0.      0.      0.      0.      0.      0.      0.     10.
    20.  ]
 [  37.5     7.5     0.      0.      0.      0.      6.25    0.     22.5
    26.25]
 [   7.5    15.      0.      0.      0.      0.      5.      0.     70.
     2.5 ]
 [   0.     30.      0.      0.      0.      0.     10.      0.     60.
     0.  ]
 [  60.      0.      0.      0.      0.      0.      0.     10.     20.
    10.  ]
 [  35.      0.      0.      0.      0.      5.      0.      0.     40.
    20.  ]
 [   0.      0.      0.      0.      0.      0.     20.     10.     30.
    40.  ]
 [   0.      0.      0.      0.      0.      0.     14.29    0.     81.43
     4.29]
 [   0.     20.      0.      0.      0.      0.     20.      0.     60.
     0.  ]
 [   0.     10.      0.      0.      0.      0.     20.      0.     70.
     0.  ]
 [   0.     20.      0.      0.      0.      0.     20.      0.     60.
     0.  ]
 [   0.     20.      0.      0.      0.      0.     20.      0.     60.
     0.  ]
 [   0.      0.      0.      0.      0.     10.     20.      0.     30.
    40.  ]
 [   0.      7.14    0.      0.      0.      2.86   20.      0.     54.29
    15.71]
 [   0.     20.      0.      0.      0.      0.     20.      0.     60.
     0.  ]
 [   0.     20.      0.      0.      0.      0.     20.      0.     60.
     0.  ]
 [   0.     20.      0.      0.      0.      0.     20.      0.     60.
     0.  ]]
 
****************for the digit7: 
[[   0.    100.      0.      0.      0.      0.      0.      0.      0.
     0.  ]
 [   0.    100.      0.      0.      0.      0.      0.      0.      0.
     0.  ]
 [   0.     50.      0.      0.      0.      0.      0.      0.     14.29
    35.71]
 [   0.      0.      0.      0.      0.      0.      0.     14.29   28.57
    57.14]
 [  19.05    0.      0.      0.      0.      0.      0.     28.57   19.05
    33.33]
 [   0.     33.33    0.      0.      0.      0.      0.      0.      0.
    66.67]
 [  38.1     0.      0.      0.      0.      0.      0.     23.81    9.52
    28.57]
 [  40.18    0.89    0.      0.      0.      0.      0.     28.57   16.96
    13.39]
 [  42.86    0.      0.      0.      0.      0.      0.      0.     14.29
    42.86]
 [  71.43    0.      0.      0.      0.      0.      0.      0.     14.29
    14.29]
 [  26.79    5.36    0.      0.      0.      0.      0.     33.93   25.
     8.93]
 [   7.14   10.71    0.      0.      0.      0.      0.     28.57   50.
     3.57]
 [   0.     14.29    0.      0.      0.      0.      0.     28.57   57.14
     0.  ]
 [  85.71    0.      0.      0.      0.      0.      0.      0.      0.
    14.29]
 [  35.71    0.      0.      0.      0.      0.      0.     35.71   14.29
    14.29]
 [   0.     14.29    0.      0.      0.      0.      0.     42.86   42.86
     0.  ]
 [   0.     14.29    0.      0.      0.      0.      0.     28.57   57.14
     0.  ]
 [   0.      6.21    0.      0.      0.      0.      0.     36.65   57.14
     0.  ]
 [   0.      0.      0.     14.29    0.      0.      0.     42.86   42.86
     0.  ]
 [   0.     14.29    0.      0.      0.      0.      0.     37.27   48.45
     0.  ]
 [   0.      0.      0.      0.      0.      0.      0.     42.86   57.14
     0.  ]
 [   0.      0.      0.      0.      0.      0.      0.     42.86   42.86
    14.29]
 [   0.      0.      0.     10.2     0.      0.      0.     53.06   32.65
     4.08]
 [   0.      0.      0.      0.      0.      0.      0.     57.14   42.86
     0.  ]
 [   0.      0.      0.      0.      0.      0.      0.     71.43   28.57
     0.  ]
 [   0.      0.      0.     14.29    0.      0.      0.     42.86   42.86
     0.  ]]
 
****************for the digit8: 
[[   0.     86.67    0.      0.      0.      6.67    6.67    0.      0.
     0.  ]
 [   0.    100.      0.      0.      0.      0.      0.      0.      0.
     0.  ]
 [  13.33   36.67    0.      0.      0.      6.67    6.67    0.      0.
    36.67]
 [   6.67    0.      0.      0.      0.      0.      0.      6.67    6.67
    80.  ]
 [  20.      0.      0.      0.      0.      0.      0.      0.     13.33
    66.67]
 [   4.44   31.11    0.      0.      0.      0.      0.      0.      2.22
    62.22]
 [  22.22    0.      0.      0.      0.      0.      0.      6.67   11.11
    60.  ]
 [  18.75    1.67    0.      0.      0.      0.      0.      0.42   21.25
    57.92]
 [  26.67    0.      0.      0.      0.      0.      0.      0.      6.67
    66.67]
 [  46.67    0.      0.      0.      0.      0.      0.      6.67    6.67
    40.  ]
 [  12.5    10.      0.      0.      0.      0.      0.      2.5    38.33
    36.67]
 [   3.33   20.      0.      0.      0.      0.      0.      0.     58.33
    18.33]
 [   0.     38.1     0.      0.      0.      0.      0.      0.     59.52
     2.38]
 [  53.33    0.      0.      0.      0.      0.      0.      0.     13.33
    33.33]
 [  20.      3.33    0.      0.      0.      0.      0.      0.     33.33
    43.33]
 [   0.      6.67    0.      0.      0.      0.      0.      0.     60.
    33.33]
 [   0.     23.81    0.      0.      0.      0.      0.      3.81   69.52
     2.86]
 [   0.     33.33    0.      0.      0.      0.      0.      0.     66.67
     0.  ]
 [   0.     20.      0.      0.      0.      0.      0.      6.67   73.33
     0.  ]
 [   0.     29.28    0.      4.06    0.      0.      0.      0.     66.67
     0.  ]
 [   0.     33.33    0.      0.      0.      0.      0.      0.     66.67
     0.  ]
 [   0.      6.67    0.      0.      0.      0.      0.      6.67   53.33
    33.33]
 [   0.     11.43    0.      9.52    0.      0.      0.      6.67   64.76
     7.62]
 [   0.     33.33    0.      0.      0.      0.      0.      0.     66.67
     0.  ]
 [   0.     33.33    0.      0.      0.      0.      0.      0.     66.67
     0.  ]
 [   0.     26.67    0.      6.67    0.      0.      0.      0.     66.67
     0.  ]]
 
****************for the digit9: 
[[   0.    100.      0.      0.      0.      0.      0.      0.      0.
     0.  ]
 [   0.    100.      0.      0.      0.      0.      0.      0.      0.
     0.  ]
 [  11.54   38.46    0.      0.      0.      3.85    0.      0.      3.85
    42.31]
 [   0.      0.      0.      0.      0.      0.      0.      0.      7.69
    92.31]
 [  17.95    0.      0.      0.      0.      0.      0.      0.     10.26
    71.79]
 [   0.     33.33    0.      0.      0.      0.      0.      0.      0.
    66.67]
 [  25.64    0.      0.      0.      0.      0.      0.      0.      2.56
    71.79]
 [  28.85    1.92    0.      0.      0.      0.      0.      0.     10.1
    59.13]
 [  26.92    0.      0.      0.      0.      0.      0.      0.      0.
    73.08]
 [  46.15    0.      0.      0.      0.      0.      0.      0.      7.69
    46.15]
 [  14.42   11.54    0.      0.      0.      9.62    0.      0.     21.15
    43.27]
 [   3.85   34.62    0.      0.      0.      1.92    0.      0.     26.92
    32.69]
 [   0.     40.66    0.      0.      0.      0.      0.      4.95   35.71
    18.68]
 [  53.85    0.      0.      0.      0.      0.      0.      0.      0.
    46.15]
 [  19.23    7.69    0.      0.      0.      0.      0.     11.54    3.85
    57.69]
 [   0.     23.08    0.      0.      0.      0.      0.      7.69   30.77
    38.46]
 [   0.     31.87    0.      0.      0.      0.      0.      4.4    30.77
    32.97]
 [   0.     57.19    0.      3.34    0.      0.      0.      4.35   23.08
    12.04]
 [   0.     23.08    0.      7.69    0.      0.      0.      7.69   30.77
    30.77]
 [   0.     44.48    0.      3.01    0.      0.      0.      9.36   29.1
    14.05]
 [   0.     61.54    0.      7.69    0.      0.      0.      0.     30.77
     0.  ]
 [   0.     15.38    0.      0.      0.      0.      0.      7.69    7.69
    69.23]
 [   0.     28.57    0.      5.49    0.      2.2     0.     10.99   20.88
    31.87]
 [   0.     61.54    0.      7.69    0.      0.      0.      0.     23.08
     7.69]
 [   0.     69.23    0.      7.69    0.      0.      0.      0.     15.38
     7.69]
 [   0.     38.46    0.      7.69    0.      0.      0.      0.     30.77
    23.08]]
 
